knot_weights <- 
c(3.71326858668425, 4.69700486353824, 4.56571083095482,
1.59530950077385, -0.241721312058884, 0.85531107851217, -1.80404660176715,
-2.98537979043256, -1.70442041402477, 0.577785818675522, -2.92123722034344,
-0.998380999789531, 1.85895365747408, 1.50834526534417, 1.8739632106588,
3.0644251287963, 1.99921312538231, 4.06036873046079, 4.76955376333307,
2.50571909708871, 2.79348145101691, 0.856584145843523, 1.10631438515766,
1.12812245018419, -0.276536344219545, -1.70230397069984, -0.400532283373816,
-0.20015113675459, -0.138904308989176, 3.62451871216721)
positions_sigma <- 0.01
theta_eta_sq <- 0.289859564337779
theta_mu <- 13
theta_rho_sq <- 0.144291007238311
theta_sigma_sq <- 1.28870579689266
