day_of_year <- 
c(7, 9, 14, 15, 24, 24, 26, 31, 32, 46, 48, 54, 58, 59, 62, 65,
68, 77, 82, 83, 85, 90, 101, 109, 120, 128, 132, 139, 140, 145, 147, 155, 157,
158, 162, 167, 175, 177, 179, 179, 180, 191, 201, 205, 213, 216, 218, 219, 221,
221, 229, 230, 230, 232, 234, 235, 248, 257, 260, 265, 267, 270, 280, 281, 282,
284, 292, 299, 305, 309, 313, 315, 322, 323, 331, 333, 338, 339, 356, 361, 361,
1, 6, 9, 11, 19, 24, 32, 37, 39, 45, 49, 56, 58, 58, 65, 66, 73, 77, 79, 83, 96,
99, 103, 107, 109, 109, 120, 120, 131, 133, 134, 139, 146, 146, 156, 156, 162,
167, 167, 168, 182, 184, 187, 188, 192, 211, 218, 226, 236, 242, 245, 251, 254,
267, 276, 285, 289, 290, 292, 292, 295, 296, 304, 311, 312, 313, 317, 319, 332,
337, 339, 340, 348, 354, 354, 357, 361, 2, 6, 8, 11, 14, 15, 21, 29, 32, 36, 43,
60, 61, 61, 64, 74, 93, 93, 103, 113, 114, 118, 143, 145, 151, 156, 158, 164,
167, 183, 194, 198, 200, 219, 223, 233, 234, 237, 238, 238, 246, 261, 261, 264,
268, 269, 278, 293, 296, 301, 302, 303, 306, 310, 314, 315, 315, 316, 321, 324,
333, 339, 349, 357, 366, 6, 16, 17, 19, 41, 49, 51, 53, 54, 56, 57, 58, 59, 61,
66, 66, 74, 74, 75, 84, 86, 94, 95, 96, 102, 108, 113, 115, 118, 128, 130, 138,
152, 163, 163, 165, 172, 177, 180, 188, 192, 197, 198, 199, 203, 203, 208, 212,
213, 215, 227, 232, 232, 239, 240, 244, 245, 246, 258, 259, 260, 265, 271, 277,
287, 292, 293, 297, 297, 322, 323, 330, 330, 333, 333, 342, 355, 357, 357, 361,
362, 364, 365, 1, 16, 18, 25, 28, 33, 40, 43, 43, 53, 68, 69, 77, 90, 90, 91,
92, 95, 95, 110, 111, 117, 120, 121, 124, 124, 125, 127, 127, 128, 131, 134,
137, 144, 149, 157, 159, 160, 165, 179, 189, 201, 204, 209, 211, 215, 219, 221,
228, 229, 235, 248, 259, 279, 282, 290, 291, 291, 292, 297, 299, 299, 306, 308,
317, 328, 338, 339, 342, 344, 355, 365, 1, 3, 11, 15, 19, 40, 40, 41, 52, 53,
58, 61, 65, 68, 71, 81, 83, 84, 86, 89, 93, 99, 113, 125, 126, 131, 136, 154,
156, 159, 160, 163, 170, 171, 179, 187, 195, 197, 216, 223, 225, 230, 248, 264,
267, 270, 282, 283, 290, 292, 302, 303, 314, 315, 318, 321, 324, 327, 330, 330,
338, 347, 358, 362, 363, 364, 13, 15, 24, 26, 32, 39, 42, 43, 47, 53, 57, 59,
61, 65, 65, 68, 69, 71, 75, 77, 81, 86, 93, 98, 106, 117, 117, 142, 155, 160,
163, 167, 172, 182, 183, 194, 200, 211, 228, 238, 238, 240, 242, 254, 255, 265,
270, 283, 292, 293, 296, 300, 302, 306, 307, 331, 342, 343, 355, 357, 358, 365,
10, 11, 13, 18, 20, 22, 23, 25, 26, 26, 40, 44, 49, 52, 56, 59, 61, 74, 76, 89,
92, 94, 104, 106, 106, 108, 113, 122, 123, 123, 124, 126, 127, 133, 134, 135,
146, 161, 161, 167, 167, 172, 175, 192, 204, 207, 211, 213, 216, 217, 230, 235,
236, 243, 244, 251, 260, 263, 268, 268, 269, 269, 272, 273, 284, 285, 286, 291,
292, 302, 309, 313, 315, 324, 334, 334, 344, 353, 360, 361, 364, 5, 13, 14, 14,
19, 21, 25, 37, 41, 51, 51, 52, 58, 58, 75, 79, 85, 94, 109, 111, 112, 113, 114,
131, 136, 143, 144, 151, 151, 155, 158, 162, 167, 173, 174, 179, 179, 184, 186,
187, 195, 196, 203, 213, 215, 216, 217, 222, 228, 229, 229, 238, 240, 241, 248,
250, 254, 262, 264, 266, 281, 284, 286, 286, 295, 300, 300, 317, 323, 325, 334,
337, 343, 346, 351, 355, 362, 363, 365, 1, 8, 9, 14, 19, 21, 25, 29, 30, 40, 43,
46, 52, 61, 63, 67, 76, 76, 82, 84, 96, 97, 99, 101, 106, 107, 108, 115, 123,
135, 136, 154, 156, 185, 197, 197, 198, 202, 203, 205, 208, 219, 221, 221, 233,
238, 239, 249, 252, 252, 253, 258, 260, 262, 263, 267, 268, 270, 272, 273, 275,
277, 280, 281, 292, 300, 301, 304, 306, 311, 311, 312, 317, 327, 328, 331, 331,
332, 334, 334, 348, 353, 357, 358, 361, 364, 1, 1, 7, 13, 17, 21, 22, 31, 35,
49, 54, 57, 60, 61, 74, 74, 75, 85, 94, 95, 102, 106, 127, 127, 131, 135, 137,
142, 143, 146, 150, 150, 152, 161, 162, 171, 172, 175, 182, 191, 191, 202, 204,
210, 212, 219, 220, 222, 229, 232, 243, 243, 244, 249, 252, 257, 265, 267, 268,
270, 273, 273, 278, 281, 283, 293, 300, 301, 303, 307, 307, 315, 316, 318, 327,
328, 332, 338, 338, 348, 348, 13, 19, 24, 25, 26, 26, 30, 30, 35, 62, 74, 77,
85, 92, 94, 111, 131, 150, 152, 158, 158, 160, 167, 172, 172, 175, 181, 197,
198, 205, 206, 210, 213, 222, 227, 231, 232, 233, 233, 236, 238, 241, 242, 242,
250, 253, 256, 259, 264, 271, 271, 273, 281, 284, 285, 292, 292, 307, 308, 308,
308, 312, 323, 336, 349, 351, 353, 354, 362, 363, 365, 1, 3, 3, 11, 27, 36, 38,
40, 48, 62, 75, 80, 82, 89, 91, 100, 100, 113, 131, 142, 152, 155, 178, 186,
186, 196, 203, 208, 211, 211, 214, 226, 233, 235, 235, 237, 237, 238, 251, 257,
258, 260, 263, 266, 272, 274, 276, 280, 285, 288, 291, 294, 311, 314, 320, 323,
325, 328, 340, 341, 341, 343, 346, 347, 348, 352, 355, 363, 364, 364, 7, 18, 22,
22, 24, 35, 44, 48, 49, 62, 65, 69, 77, 83, 87, 93, 94, 99, 99, 105, 110, 115,
116, 116, 121, 122, 126, 127, 138, 145, 151, 153, 162, 167, 168, 180, 180, 181,
184, 187, 188, 194, 208, 215, 219, 221, 227, 232, 234, 238, 244, 244, 246, 247,
250, 254, 260, 275, 287, 290, 295, 297, 300, 304, 305, 305, 325, 334, 342, 346,
347, 348, 348, 354, 4, 6, 28, 35, 39, 42, 49, 56, 67, 72, 76, 78, 84, 86, 88,
90, 96, 101, 107, 113, 122, 123, 124, 134, 139, 140, 156, 156, 156, 165, 166,
181, 181, 188, 192, 202, 203, 203, 206, 208, 210, 211, 213, 214, 217, 222, 229,
230, 240, 242, 242, 251, 253, 271, 275, 277, 279, 282, 283, 287, 291, 292, 294,
295, 308, 308, 310, 322, 329, 332, 335, 336, 344, 344, 346, 350, 352, 355, 355,
363, 366, 2, 6, 10, 10, 11, 35, 39, 43, 46, 49, 59, 61, 61, 64, 67, 71, 72, 77,
82, 85, 87, 91, 91, 98, 104, 111, 121, 129, 140, 141, 142, 144, 146, 147, 155,
160, 172, 176, 186, 192, 202, 203, 203, 206, 211, 212, 214, 219, 222, 222, 228,
231, 235, 256, 260, 264, 267, 296, 314, 316, 331, 333, 349, 350, 351, 351, 15,
16, 18, 27, 31, 43, 45, 49, 67, 72, 76, 78, 80, 92, 98, 99, 106, 108, 113, 113,
116, 138, 144, 154, 162, 163, 163, 169, 169, 170, 177, 187, 188, 190, 193, 194,
194, 195, 199, 203, 206, 207, 214, 245, 247, 261, 263, 264, 265, 267, 269, 272,
289, 295, 303, 309, 316, 316, 326, 328, 332, 338, 343, 344, 346, 346, 351, 356,
358, 365, 365, 1, 3, 4, 6, 8, 10, 11, 13, 16, 20, 21, 30, 30, 32, 41, 52, 53,
61, 65, 76, 79, 91, 93, 96, 110, 135, 145, 147, 152, 159, 160, 167, 174, 176,
181, 183, 188, 189, 199, 202, 203, 208, 210, 232, 238, 247, 262, 275, 275, 287,
287, 291, 298, 304, 305, 307, 310, 312, 317, 328, 330, 334, 337, 339, 342, 356,
359, 1, 11, 15, 24, 37, 39, 42, 45, 50, 52, 54, 57, 58, 60, 65, 68, 72, 76, 80,
81, 81, 87, 89, 91, 95, 101, 108, 110, 115, 118, 123, 130, 133, 135, 136, 146,
149, 149, 154, 156, 157, 162, 162, 164, 164, 164, 179, 182, 194, 210, 217, 221,
226, 226, 240, 244, 245, 267, 269, 274, 276, 278, 278, 283, 292, 295, 295, 313,
320, 333, 335, 339, 345, 355, 357, 357, 357, 4, 9, 15, 18, 19, 31, 32, 44, 59,
62, 65, 72, 72, 75, 75, 87, 89, 92, 95, 98, 104, 106, 107, 109, 118, 118, 120,
128, 135, 138, 138, 160, 169, 175, 190, 197, 201, 201, 214, 223, 224, 225, 234,
244, 249, 251, 252, 253, 275, 276, 283, 284, 284, 299, 301, 304, 305, 315, 316,
316, 322, 324, 330, 343, 351, 353, 353, 356, 356, 359, 361, 362, 8, 10, 13, 24,
28, 31, 32, 42, 56, 58, 62, 64, 73, 81, 82, 93, 102, 105, 105, 109, 110, 111,
116, 117, 122, 124, 124, 137, 137, 154, 160, 169, 181, 189, 195, 214, 225, 228,
240, 241, 242, 244, 250, 256, 258, 264, 270, 275, 280, 288, 306, 315, 319, 319,
329, 331, 333, 334, 336, 337, 338, 341, 344, 347, 352, 364, 3, 12, 15, 22, 23,
39, 39, 44, 45, 48, 55, 58, 60, 70, 73, 75, 91, 105, 114, 124, 126, 129, 134,
137, 138, 144, 144, 148, 154, 156, 162, 168, 174, 178, 181, 195, 199, 199, 214,
222, 223, 226, 241, 244, 246, 250, 253, 272, 274, 280, 283, 284, 290, 298, 298,
299, 311, 312, 317, 327, 333, 350, 351, 355, 363, 8, 8, 11, 16, 17, 24, 28, 44,
57, 67, 68, 76, 78, 80, 92, 97, 101, 103, 110, 116, 118, 119, 124, 130, 133,
134, 134, 135, 137, 139, 144, 148, 150, 153, 162, 164, 166, 174, 174, 178, 183,
187, 198, 200, 224, 242, 246, 248, 254, 273, 276, 282, 290, 291, 301, 301, 303,
327, 329, 339, 344, 344, 349, 361, 362, 7, 7, 11, 36, 42, 43, 44, 50, 61, 61,
