day_of_year <- 
c(4, 7, 18, 18, 26, 27, 28, 31, 31, 44, 45, 48, 49, 54, 54, 55,
59, 78, 79, 83, 86, 90, 91, 92, 97, 98, 102, 104, 107, 112, 113, 122, 122, 126,
126, 131, 131, 142, 146, 147, 149, 165, 165, 168, 170, 174, 175, 175, 177, 177,
188, 196, 200, 205, 208, 217, 223, 230, 231, 234, 236, 247, 248, 248, 253, 259,
260, 260, 266, 270, 272, 276, 279, 290, 292, 295, 300, 314, 316, 318, 323, 323,
328, 329, 330, 333, 335, 337, 346, 349, 352, 353, 356, 357, 4, 9, 17, 18, 22,
22, 23, 28, 29, 38, 49, 50, 52, 58, 59, 62, 63, 64, 77, 78, 83, 88, 97, 109,
110, 114, 123, 124, 125, 129, 149, 152, 155, 159, 161, 165, 176, 183, 191, 205,
208, 214, 215, 217, 223, 224, 238, 240, 247, 248, 250, 266, 275, 278, 284, 293,
294, 296, 297, 303, 303, 304, 311, 318, 319, 319, 320, 321, 329, 330, 332, 338,
341, 341, 343, 345, 353, 353, 360, 13, 24, 30, 48, 55, 71, 81, 82, 83, 107, 109,
111, 121, 123, 125, 126, 129, 134, 134, 136, 139, 151, 153, 155, 168, 169, 182,
188, 198, 207, 208, 209, 215, 216, 222, 233, 236, 242, 242, 245, 248, 251, 251,
256, 259, 260, 275, 275, 276, 283, 283, 285, 288, 303, 314, 315, 317, 322, 325,
326, 328, 332, 343, 352, 354, 359, 2, 6, 16, 24, 31, 40, 40, 52, 62, 68, 70, 87,
95, 97, 100, 104, 106, 113, 116, 116, 124, 125, 127, 135, 135, 137, 158, 164,
167, 167, 183, 188, 194, 199, 199, 201, 202, 208, 215, 218, 231, 231, 240, 244,
257, 259, 265, 277, 281, 283, 293, 305, 313, 314, 320, 325, 326, 334, 341, 344,
345, 347, 349, 361, 4, 5, 6, 20, 26, 29, 40, 41, 45, 45, 46, 46, 47, 51, 59, 61,
61, 62, 64, 69, 77, 87, 93, 103, 103, 107, 107, 114, 120, 123, 142, 160, 164,
169, 173, 175, 201, 203, 205, 210, 233, 234, 234, 240, 254, 258, 268, 269, 274,
288, 296, 302, 303, 306, 309, 314, 315, 316, 321, 322, 326, 327, 328, 329, 334,
334, 337, 338, 341, 350, 354, 355, 357, 2, 7, 9, 13, 19, 28, 31, 33, 39, 47, 51,
55, 57, 67, 71, 79, 113, 116, 121, 126, 134, 135, 136, 136, 136, 147, 147, 147,
153, 160, 177, 188, 200, 202, 214, 218, 220, 222, 223, 228, 230, 242, 244, 245,
254, 258, 266, 274, 298, 298, 302, 312, 312, 319, 319, 323, 324, 326, 341, 341,
344, 3, 3, 3, 10, 12, 35, 35, 38, 56, 63, 66, 77, 84, 96, 108, 112, 115, 116,
120, 122, 122, 126, 141, 148, 154, 168, 170, 184, 187, 187, 198, 200, 207, 216,
217, 219, 226, 231, 234, 234, 249, 254, 257, 261, 265, 266, 269, 274, 283, 287,
294, 299, 301, 307, 307, 315, 319, 319, 320, 323, 323, 333, 335, 348, 350, 350,
352, 355, 356, 358, 361, 362, 366, 2, 6, 9, 16, 18, 19, 31, 36, 43, 53, 53, 58,
62, 67, 69, 76, 78, 81, 87, 93, 94, 98, 100, 104, 111, 114, 114, 121, 124, 127,
129, 131, 136, 139, 143, 149, 149, 158, 159, 165, 180, 180, 184, 192, 193, 200,
204, 217, 231, 232, 240, 252, 263, 268, 271, 286, 292, 293, 300, 314, 314, 317,
329, 330, 342, 344, 3, 7, 22, 31, 37, 46, 56, 56, 56, 62, 62, 74, 74, 76, 88,
91, 95, 100, 110, 113, 125, 126, 127, 140, 143, 143, 153, 165, 170, 174, 175,
175, 176, 181, 181, 183, 186, 187, 192, 196, 198, 215, 217, 227, 230, 230, 232,
232, 232, 239, 250, 252, 254, 256, 258, 276, 279, 297, 301, 304, 306, 308, 309,
313, 318, 334, 339, 341, 342, 344, 348, 356, 357, 364, 2, 4, 7, 11, 25, 27, 29,
41, 44, 47, 48, 62, 68, 72, 74, 83, 89, 91, 91, 100, 101, 108, 116, 121, 134,
140, 145, 146, 151, 151, 152, 152, 153, 156, 159, 164, 166, 168, 169, 170, 170,
172, 183, 189, 196, 203, 205, 213, 215, 219, 225, 225, 227, 230, 235, 242, 244,
246, 249, 252, 257, 260, 262, 262, 268, 275, 276, 279, 282, 282, 283, 287, 295,
302, 304, 308, 312, 317, 322, 322, 326, 329, 336, 339, 341, 356, 357, 358, 360,
364, 11, 14, 25, 28, 33, 36, 40, 46, 52, 55, 66, 67, 70, 84, 84, 87, 90, 91, 97,
97, 103, 108, 108, 109, 112, 120, 124, 130, 131, 146, 148, 156, 160, 163, 163,
164, 165, 169, 180, 182, 189, 196, 197, 208, 210, 213, 214, 223, 229, 234, 248,
251, 253, 253, 254, 259, 261, 264, 271, 276, 280, 285, 288, 289, 294, 296, 296,
297, 312, 318, 318, 322, 328, 336, 342, 347, 352, 365, 1, 1, 10, 10, 12, 15, 24,
29, 29, 31, 38, 44, 44, 49, 52, 61, 65, 66, 66, 74, 74, 75, 79, 80, 80, 84, 92,
94, 102, 105, 122, 127, 127, 133, 139, 151, 155, 155, 166, 170, 181, 185, 191,
191, 200, 200, 201, 213, 222, 230, 241, 250, 253, 258, 262, 266, 268, 271, 273,
278, 279, 280, 282, 283, 284, 286, 288, 289, 290, 292, 294, 295, 297, 298, 304,
306, 308, 311, 311, 317, 324, 331, 332, 335, 340, 342, 346, 348, 349, 362, 18,
20, 22, 25, 32, 33, 34, 35, 42, 45, 46, 51, 51, 57, 58, 60, 64, 80, 82, 90, 91,
92, 94, 95, 99, 109, 112, 117, 125, 127, 129, 135, 140, 141, 145, 147, 160, 163,
164, 170, 179, 183, 184, 191, 207, 213, 220, 222, 234, 240, 242, 247, 255, 258,
259, 263, 267, 270, 279, 284, 285, 285, 293, 295, 305, 307, 329, 336, 336, 355,
362, 10, 15, 17, 17, 18, 19, 27, 29, 30, 37, 46, 47, 49, 56, 68, 70, 71, 99, 99,
100, 110, 110, 113, 113, 114, 119, 121, 121, 132, 140, 140, 140, 149, 149, 150,
154, 162, 162, 164, 165, 169, 181, 183, 187, 192, 206, 206, 208, 214, 218, 224,
225, 227, 242, 248, 249, 249, 269, 274, 280, 281, 291, 292, 295, 295, 300, 303,
308, 313, 320, 324, 326, 330, 338, 340, 350, 351, 365, 6, 10, 11, 13, 15, 25,
26, 26, 26, 29, 35, 50, 58, 65, 114, 123, 126, 137, 138, 139, 141, 149, 149,
153, 159, 166, 177, 187, 193, 203, 203, 205, 208, 209, 212, 213, 214, 224, 227,
235, 239, 242, 247, 249, 263, 264, 266, 276, 278, 280, 280, 288, 289, 289, 290,
295, 298, 299, 307, 311, 315, 331, 335, 337, 344, 356, 361, 1, 5, 5, 10, 13, 14,
15, 17, 22, 29, 29, 33, 40, 44, 44, 50, 53, 55, 58, 60, 64, 66, 70, 70, 73, 91,
92, 101, 102, 103, 107, 108, 113, 131, 135, 135, 137, 143, 149, 153, 153, 155,
165, 166, 168, 169, 173, 178, 181, 184, 188, 196, 206, 206, 208, 215, 226, 228,
230, 237, 238, 240, 247, 249, 253, 254, 256, 256, 265, 266, 267, 281, 286, 298,
311, 312, 313, 327, 333, 340, 340, 341, 348, 350, 355, 360, 363, 4, 23, 29, 41,
41, 46, 52, 57, 60, 66, 69, 70, 71, 73, 74, 83, 94, 109, 112, 113, 116, 130,
131, 136, 137, 139, 141, 147, 150, 156, 158, 160, 167, 169, 170, 172, 188, 190,
190, 193, 195, 209, 217, 223, 224, 252, 257, 261, 262, 267, 279, 283, 286, 287,
291, 293, 300, 314, 316, 318, 319, 321, 328, 329, 333, 345, 347, 351, 358, 2,
10, 10, 22, 34, 39, 43, 48, 56, 61, 62, 66, 77, 94, 98, 100, 106, 112, 113, 113,
118, 119, 126, 130, 132, 140, 141, 147, 152, 157, 161, 161, 167, 170, 171, 179,
188, 194, 197, 206, 212, 214, 214, 215, 216, 226, 234, 236, 244, 253, 259, 263,
263, 271, 275, 277, 287, 291, 294, 295, 301, 304, 305, 306, 323, 323, 327, 330,
338, 340, 353, 354, 357, 357, 361, 363, 3, 12, 24, 25, 29, 37, 42, 48, 50, 55,
61, 68, 71, 73, 73, 75, 101, 103, 109, 113, 114, 136, 142, 156, 159, 168, 168,
170, 171, 172, 175, 177, 207, 218, 239, 250, 253, 256, 270, 273, 274, 278, 279,
280, 281, 281, 292, 328, 334, 336, 341, 343, 351, 352, 361, 363, 5, 6, 15, 25,
31, 35, 38, 41, 41, 46, 48, 56, 59, 86, 91, 104, 108, 109, 111, 114, 122, 123,
124, 131, 132, 140, 141, 145, 145, 149, 149, 156, 157, 172, 178, 180, 185, 186,
187, 187, 190, 198, 204, 204, 206, 206, 214, 219, 219, 223, 224, 227, 228, 242,
248, 250, 251, 260, 263, 267, 270, 270, 272, 274, 290, 310, 316, 318, 318, 327,
342, 350, 351, 351, 358, 358, 362, 364, 4, 12, 21, 22, 30, 33, 36, 42, 44, 44,
61, 74, 74, 76, 79, 80, 94, 96, 96, 112, 113, 119, 124, 130, 141, 148, 149, 149,
151, 158, 164, 165, 167, 170, 172, 174, 185, 208, 212, 212, 217, 219, 228, 233,
235, 243, 246, 257, 272, 301, 302, 303, 309, 316, 317, 318, 328, 331, 334, 334,
339, 340, 352, 355, 355, 364, 364, 3, 5, 15, 25, 30, 31, 31, 44, 45, 50, 57, 58,
61, 68, 76, 87, 89, 92, 93, 93, 104, 107, 115, 116, 118, 124, 129, 137, 138,
143, 156, 174, 178, 179, 180, 182, 185, 188, 203, 204, 205, 207, 212, 213, 215,
216, 217, 218, 224, 234, 238, 239, 246, 248, 251, 256, 262, 262, 271, 276, 280,
281, 293, 300, 302, 302, 303, 307, 328, 332, 333, 334, 341, 348, 349, 355, 356,
365, 5, 5, 6, 9, 10, 14, 14, 21, 25, 35, 38, 41, 48, 63, 64, 66, 69, 73, 73, 76,
77, 78, 81, 94, 95, 100, 100, 105, 112, 115, 122, 123, 132, 134, 135, 135, 135,
168, 174, 174, 176, 185, 190, 191, 194, 209, 219, 223, 224, 226, 227, 231, 232,
