knot_weights <- 
c(5.26690256574381, 3.27029137436128, 3.78258133602154,
2.31534305442739, 0.904710593289018, 1.29678593482879, -0.00708649048993326,
-0.483018449871982, 0.474365407197406, -0.681633270737569, -2.26397583112112,
0.540382285171807, 1.65230509278204, 1.34882445803586, 2.31108077597583,
1.06845365409224, 1.94652722281816, 0.256816838749287, -0.921652416756501,
-2.14936198229184, -5.93768584194564, -2.91545950527799, -2.36134643721643,
-1.51979983017481, -1.08096534016106, 3.0518814806377, 2.67862942412771,
1.50239397428791, 3.47801609137807, 4.81393049850651)
positions_sigma <- 0.01
theta_eta_sq <- 10.3499705027789
theta_mu <- 13
theta_rho_sq <- 0.927742541814223
theta_sigma_sq <- 1.01014787140302
